# Create a sample dataset 
data <- c(12, 15, 18, 21, 24, 27, 30, 33, 36, 39,  
          45, 48, 51, 54, 57, 60, 63, 66, 69, 42)